	h1468.1	h1468.2	h1468.3	h1468.4	h1468.5	h1468.6	h1468.7	h1468.8	h1600.1	h1600.2	h1600.4	h1600.5	h1600.6	h1600.7	s1024.1	s1024.2	s1024.3	s1024.4	s1024.5	s1024.6	s1024.7	s1024.8	s1116.1	s1116.2	s1116.3	s1116.4	s1116.5	s1116.6	s1116.7	s1116.8	s800.1	s800.2	s800.3	s800.4	s800.5	s800.6	s800.7	s800.8	s934.1	s934.2	s934.3	s934.4	s934.5	s934.6	s934.7	s934.8	w1116.1	w1116.2	w1116.3	w1116.4	w1116.5	w1116.6	w1116.7	w1116.8	w1204.1	w1204.2	w1204.3	w1204.4	w1204.5	w1204.6	w1204.7	w1204.8	w1274.1	w1274.2	w1274.4	w1274.5	w1274.6	w1274.7	w1274.8h1468.1	0	0.775454545	0.887727273	0.724545455	0.848181818	0.615	0.460909091	0.855	0.803181818	0.9	0.852727273	0.873636364	0.875454545	0.794545455	0.928181818	0.868181818	0.900909091	0.673181818	0.923181818	0.775909091	0.932727273	0.854545455	0.785454545	0.837272727	0.865454545	0.877272727	0.810909091	0.896818182	0.865909091	0.759090909	0.86	0.930909091	0.902272727	0.929090909	0.859090909	0.910454545	0.845909091	0.925454545	0.874090909	0.889090909	0.846363636	0.895909091	0.873181818	0.888636364	0.777727273	0.758636364	0.922272727	0.695	0.766363636	0.9	0.626363636	0.905454545	0.749545455	0.745	0.776363636	0.6	0.828181818	0.875909091	0.633636364	0.675454545	0.667727273	0.74	0.874090909	0.871818182	0.836818182	0.885454545	0.908636364	0.857727273	0.879090909h1468.2	0.775454545	0	0.709090909	0.715454545	0.718181818	0.800909091	0.788181818	0.727727273	0.568181818	0.717272727	0.605	0.718636364	0.600909091	0.637272727	0.783181818	0.667272727	0.763636364	0.751818182	0.775	0.730909091	0.818181818	0.784545455	0.640909091	0.656363636	0.698636364	0.575909091	0.794090909	0.792272727	0.665	0.646363636	0.709090909	0.859090909	0.805	0.802272727	0.718636364	0.756363636	0.816818182	0.819090909	0.680454545	0.709545455	0.664090909	0.753636364	0.728636364	0.708636364	0.748636364	0.824545455	0.800454545	0.780454545	0.79	0.754090909	0.781818182	0.722272727	0.887727273	0.826363636	0.867727273	0.831363636	0.740454545	0.783636364	0.791363636	0.839545455	0.756818182	0.67	0.681818182	0.743181818	0.696818182	0.615454545	0.751818182	0.599090909	0.693636364h1468.3	0.887727273	0.709090909	0	0.807272727	0.838181818	0.91	0.879090909	0.640454545	0.771818182	0.701818182	0.659090909	0.757727273	0.553181818	0.592272727	0.590909091	0.631818182	0.644545455	0.842272727	0.606818182	0.695454545	0.691363636	0.693181818	0.752272727	0.674545455	0.657272727	0.648636364	0.731818182	0.7	0.655909091	0.764545455	0.685	0.768636364	0.730454545	0.675	0.738636364	0.683636364	0.761818182	0.715454545	0.631363636	0.632727273	0.725909091	0.711363636	0.709090909	0.724090909	0.810454545	0.803636364	0.674545455	0.855454545	0.771818182	0.675	0.815909091	0.633181818	0.926363636	0.906818182	0.931818182	0.886818182	0.692272727	0.713636364	0.871363636	0.848636364	0.773636364	0.661363636	0.647727273	0.756818182	0.8	0.609090909	0.613636364	0.592272727	0.650454545h1468.4	0.724545455	0.715454545	0.807272727	0	0.795454545	0.769090909	0.702727273	0.770454545	0.683181818	0.818181818	0.767727273	0.820909091	0.787272727	0.723636364	0.862272727	0.791363636	0.835	0.716818182	0.813181818	0.766363636	0.892727273	0.830909091	0.719090909	0.754545455	0.785909091	0.793181818	0.812727273	0.838636364	0.779545455	0.721818182	0.808181818	0.905909091	0.851818182	0.880909091	0.838181818	0.864090909	0.847272727	0.891818182	0.822727273	0.823636364	0.795454545	0.833181818	0.819090909	0.837272727	0.792727273	0.807727273	0.859545455	0.725	0.73	0.83	0.683181818	0.805909091	0.785454545	0.801818182	0.793636364	0.739090909	0.764545455	0.820909091	0.714545455	0.759545455	0.746363636	0.741818182	0.777727273	0.822727273	0.765454545	0.771363636	0.857272727	0.778636364	0.746818182h1468.5	0.848181818	0.718181818	0.838181818	0.795454545	0	0.841818182	0.811363636	0.855909091	0.670909091	0.723636364	0.739545455	0.64	0.790454545	0.746818182	0.903636364	0.821363636	0.888636364	0.8	0.887727273	0.804545455	0.909545455	0.879545455	0.797727273	0.850454545	0.853181818	0.757727273	0.892272727	0.885909091	0.84	0.712727273	0.88	0.937272727	0.895454545	0.905454545	0.855454545	0.818181818	0.895	0.917272727	0.802727273	0.858181818	0.775909091	0.896818182	0.768636364	0.774545455	0.824545455	0.880454545	0.879545455	0.787727273	0.855	0.881818182	0.810454545	0.864090909	0.844545455	0.737727273	0.845	0.798181818	0.851818182	0.881363636	0.786818182	0.857272727	0.848181818	0.814090909	0.848181818	0.698636364	0.694545455	0.842727273	0.887272727	0.763181818	0.868636364h1468.6	0.615	0.800909091	0.91	0.769090909	0.841818182	0	0.507727273	0.877272727	0.824545455	0.888181818	0.878636364	0.877727273	0.888181818	0.869545455	0.940909091	0.898181818	0.921818182	0.733636364	0.93	0.874545455	0.942727273	0.869545455	0.869090909	0.886363636	0.911363636	0.875909091	0.890454545	0.905	0.915909091	0.826363636	0.92	0.955909091	0.92	0.948181818	0.912272727	0.925	0.903636364	0.946818182	0.893636364	0.935	0.877272727	0.948636364	0.882727273	0.886818182	0.880909091	0.876818182	0.923181818	0.695909091	0.856818182	0.911363636	0.743636364	0.918636364	0.760909091	0.809090909	0.737727273	0.622272727	0.902727273	0.868636364	0.675	0.797727273	0.811818182	0.883636364	0.898636364	0.875909091	0.842272727	0.904090909	0.933181818	0.871818182	0.899090909h1468.7	0.460909091	0.788181818	0.879090909	0.702727273	0.811363636	0.507727273	0	0.842727273	0.789545455	0.883181818	0.841363636	0.846363636	0.877727273	0.786363636	0.929090909	0.871363636	0.892272727	0.670909091	0.921363636	0.787727273	0.935454545	0.838181818	0.796363636	0.853181818	0.870454545	0.873636364	0.815	0.884545455	0.867272727	0.743181818	0.883181818	0.930454545	0.898636364	0.934545455	0.865909091	0.912727273	0.840909091	0.930454545	0.871363636	0.892272727	0.838636364	0.917272727	0.860454545	0.868636364	0.797272727	0.786363636	0.92	0.653636364	0.770909091	0.895454545	0.640909091	0.903181818	0.705	0.722727273	0.717272727	0.556363636	0.827272727	0.866818182	0.606363636	0.713181818	0.685	0.784545455	0.884090909	0.852272727	0.815909091	0.888181818	0.910454545	0.845454545	0.883181818h1468.8	0.855	0.727727273	0.640454545	0.770454545	0.855909091	0.877272727	0.842727273	0	0.788181818	0.833181818	0.729090909	0.850909091	0.624545455	0.569090909	0.581818182	0.615	0.53	0.817272727	0.555909091	0.639545455	0.605	0.549090909	0.740454545	0.620454545	0.586363636	0.731363636	0.623636364	0.530454545	0.654545455	0.770909091	0.591818182	0.694090909	0.526363636	0.609090909	0.712272727	0.717727273	0.575454545	0.556818182	0.668181818	0.634545455	0.75	0.665909091	0.746363636	0.770454545	0.793181818	0.787272727	0.698181818	0.84	0.735454545	0.501363636	0.77	0.545909091	0.922272727	0.903636364	0.925454545	0.877727273	0.507727273	0.530454545	0.850454545	0.834545455	0.685	0.644090909	0.482727273	0.845909091	0.810909091	0.505	0.513636364	0.651363636	0.675h1600.1	0.803181818	0.568181818	0.771818182	0.683181818	0.670909091	0.824545455	0.789545455	0.788181818	0	0.728636364	0.662727273	0.72	0.704090909	0.692272727	0.812727273	0.736818182	0.794090909	0.731818182	0.815909091	0.745454545	0.813636364	0.790454545	0.685	0.700454545	0.772272727	0.65	0.783636364	0.785454545	0.765909091	0.678636364	0.752727273	0.873181818	0.804545455	0.827272727	0.790909091	0.807272727	0.810909091	0.825	0.745909091	0.802727273	0.718181818	0.825454545	0.760909091	0.734090909	0.696363636	0.779545455	0.828636364	0.766363636	0.756363636	0.805454545	0.757272727	0.717727273	0.844545455	0.803636364	0.87	0.794090909	0.750454545	0.778636364	0.766363636	0.807272727	0.736818182	0.700909091	0.737272727	0.715909091	0.559090909	0.679090909	0.814090909	0.65	0.747272727h1600.2	0.9	0.717272727	0.701818182	0.818181818	0.723636364	0.888181818	0.883181818	0.833181818	0.728636364	0	0.688181818	0.555454545	0.724545455	0.744545455	0.84	0.79	0.849545455	0.839545455	0.818636364	0.823636364	0.884090909	0.854090909	0.794545455	0.808181818	0.813636364	0.657272727	0.888636364	0.869090909	0.78	0.763636364	0.842727273	0.912727273	0.892272727	0.864090909	0.843181818	0.746818182	0.895454545	0.895909091	0.743181818	0.798636364	0.761363636	0.822727273	0.707727273	0.691818182	0.841363636	0.894545455	0.837272727	0.860909091	0.884090909	0.840909091	0.858636364	0.826818182	0.925	0.883636364	0.926818182	0.881818182	0.862727273	0.861363636	0.873181818	0.9	0.853181818	0.82	0.830909091	0.631818182	0.751363636	0.810909091	0.850454545	0.673636364	0.802272727h1600.4	0.852727273	0.605	0.659090909	0.767727273	0.739545455	0.878636364	0.841363636	0.729090909	0.662727273	0.688181818	0	0.685909091	0.494090909	0.596363636	0.767727273	0.677272727	0.76	0.770454545	0.756363636	0.686363636	0.809545455	0.764545455	0.654090909	0.654090909	0.627272727	0.586818182	0.769545455	0.768636364	0.622727273	0.658181818	0.707272727	0.863181818	0.791818182	0.774090909	0.680454545	0.729090909	0.799090909	0.799545455	0.694545455	0.670909091	0.615909091	0.771363636	0.692727273	0.646818182	0.703181818	0.782272727	0.764545455	0.813181818	0.767727273	0.717272727	0.753181818	0.716818182	0.885454545	0.842272727	0.920454545	0.837272727	0.718636364	0.769545455	0.816363636	0.788181818	0.736818182	0.650454545	0.663636364	0.688636364	0.692272727	0.636818182	0.716818182	0.556363636	0.702272727h1600.5	0.873636364	0.718636364	0.757727273	0.820909091	0.64	0.877727273	0.846363636	0.850909091	0.72	0.555454545	0.685909091	0	0.734545455	0.725909091	0.884090909	0.8	0.880454545	0.825	0.873636364	0.800454545	0.913636364	0.864090909	0.800454545	0.820454545	0.821818182	0.715	0.887727273	0.880909091	0.809090909	0.750454545	0.865454545	0.938181818	0.901363636	0.882727273	0.831363636	0.763181818	0.891818182	0.911363636	0.762727273	0.820909091	0.740454545	0.870909091	0.706818182	0.714090909	0.81	0.880909091	0.869545455	0.823636364	0.871818182	0.857727273	0.839545455	0.853181818	0.879090909	0.814090909	0.891818182	0.844090909	0.855909091	0.884545455	0.827272727	0.877727273	0.836818182	0.801818182	0.843181818	0.565454545	0.721363636	0.818181818	0.86	0.694545455	0.818181818h1600.6	0.875454545	0.600909091	0.553181818	0.787272727	0.790454545	0.888181818	0.877727273	0.624545455	0.704090909	0.724545455	0.494090909	0.734545455	0	0.503181818	0.647727273	0.599545455	0.654090909	0.793181818	0.638181818	0.644545455	0.7	0.688181818	0.669090909	0.619545455	0.596363636	0.61	0.699545455	0.671818182	0.586818182	0.687727273	0.635454545	0.786363636	0.701363636	0.675	0.673181818	0.680454545	0.743181818	0.677272727	0.650909091	0.622272727	0.657272727	0.763636364	0.682272727	0.661363636	0.734545455	0.760909091	0.681363636	0.818636364	0.722272727	0.635909091	0.777272727	0.591818182	0.897272727	0.858181818	0.930909091	0.865	0.628181818	0.665454545	0.82	0.823636364	0.731363636	0.596818182	0.565909091	0.736363636	0.737727273	0.481363636	0.561818182	0.506818182	0.592272727h1600.7	0.794545455	0.637272727	0.592272727	0.723636364	0.746818182	0.869545455	0.786363636	0.569090909	0.692272727	0.744545455	0.596363636	0.725909091	0.503181818	0	0.66	0.592272727	0.631363636	0.758636364	0.634545455	0.518636364	0.686818182	0.626363636	0.604545455	0.557272727	0.523636364	0.659545455	0.625454545	0.632727273	0.558181818	0.642272727	0.613636364	0.785	0.663636364	0.696363636	0.656363636	0.688181818	0.670454545	0.656363636	0.632727273	0.594090909	0.640454545	0.683636364	0.679090909	0.68	0.700909091	0.725454545	0.693181818	0.768636364	0.671363636	0.585454545	0.702272727	0.574090909	0.851363636	0.804545455	0.871818182	0.800454545	0.52	0.630909091	0.76	0.764545455	0.621363636	0.513636364	0.555	0.739545455	0.742727273	0.497272727	0.543636364	0.551818182	0.632272727s1024.1	0.928181818	0.783181818	0.590909091	0.862272727	0.903636364	0.940909091	0.929090909	0.581818182	0.812727273	0.84	0.767727273	0.884090909	0.647727273	0.66	0	0.573636364	0.495909091	0.870909091	0.377727273	0.716818182	0.487727273	0.631363636	0.765909091	0.631818182	0.625	0.702272727	0.682272727	0.551363636	0.649090909	0.825454545	0.594090909	0.67	0.577272727	0.531363636	0.702727273	0.675909091	0.693181818	0.57	0.589545455	0.617727273	0.738181818	0.661363636	0.699090909	0.716818182	0.779090909	0.785909091	0.544545455	0.890909091	0.755454545	0.549545455	0.841818182	0.524545455	0.945454545	0.945	0.965909091	0.931363636	0.637727273	0.601363636	0.915454545	0.874545455	0.763636364	0.670454545	0.585454545	0.857272727	0.828636364	0.544090909	0.499545455	0.652727273	0.649545455s1024.2	0.868181818	0.667272727	0.631818182	0.791363636	0.821363636	0.898181818	0.871363636	0.615	0.736818182	0.79	0.677272727	0.8	0.599545455	0.592272727	0.573636364	0	0.622272727	0.787727273	0.553636364	0.596363636	0.664090909	0.613181818	0.633636364	0.537727273	0.500454545	0.598636364	0.68	0.630454545	0.488181818	0.667272727	0.537727273	0.734545455	0.625909091	0.592727273	0.554090909	0.662727273	0.635	0.580909091	0.517272727	0.533636364	0.554545455	0.658636364	0.594545455	0.605909091	0.713636364	0.757272727	0.668181818	0.809090909	0.729545455	0.564090909	0.776363636	0.616363636	0.906363636	0.865909091	0.92	0.86	0.592727273	0.691818182	0.845	0.829090909	0.713636364	0.593181818	0.586363636	0.771818182	0.747272727	0.560909091	0.590909091	0.592272727	0.691363636s1024.3	0.900909091	0.763636364	0.644545455	0.835	0.888636364	0.921818182	0.892272727	0.53	0.794090909	0.849545455	0.76	0.880454545	0.654090909	0.631363636	0.495909091	0.622272727	0	0.833636364	0.446363636	0.640454545	0.492272727	0.518181818	0.757727273	0.567727273	0.603181818	0.696363636	0.567272727	0.413636364	0.708636364	0.819545455	0.560454545	0.642727273	0.486363636	0.584545455	0.741363636	0.693181818	0.584545455	0.545909091	0.623181818	0.670454545	0.743181818	0.671363636	0.714090909	0.729545455	0.762727273	0.745	0.636363636	0.860909091	0.701818182	0.503181818	0.812727273	0.454545455	0.93	0.932727273	0.958181818	0.897272727	0.562272727	0.533636364	0.895454545	0.837272727	0.693181818	0.655	0.496363636	0.851818182	0.788181818	0.516363636	0.536363636	0.631363636	0.664090909s1024.4	0.673181818	0.751818182	0.842272727	0.716818182	0.8	0.733636364	0.670909091	0.817272727	0.731818182	0.839545455	0.770454545	0.825	0.793181818	0.758636364	0.870909091	0.787727273	0.833636364	0	0.859545455	0.690454545	0.882272727	0.77	0.691818182	0.733636364	0.790454545	0.759545455	0.788636364	0.823181818	0.791363636	0.663636364	0.795454545	0.898181818	0.842727273	0.877727273	0.805454545	0.856363636	0.789090909	0.875909091	0.803636364	0.826363636	0.749545455	0.861818182	0.789545455	0.794090909	0.741818182	0.753636364	0.855454545	0.595	0.742272727	0.835909091	0.585454545	0.839090909	0.753636364	0.747272727	0.836818182	0.661818182	0.792727273	0.824090909	0.619545455	0.732727273	0.663636364	0.742272727	0.810909091	0.810909091	0.73	0.808181818	0.860454545	0.76	0.819545455s1024.5	0.923181818	0.775	0.606818182	0.813181818	0.887727273	0.93	0.921363636	0.555909091	0.815909091	0.818636364	0.756363636	0.873636364	0.638181818	0.634545455	0.377727273	0.553636364	0.446363636	0.859545455	0	0.683181818	0.482272727	0.600454545	0.747272727	0.599090909	0.593636364	0.707272727	0.675454545	0.509545455	0.621363636	0.791363636	0.573636364	0.672272727	0.536818182	0.560454545	0.702272727	0.682272727	0.666363636	0.560454545	0.607727273	0.621363636	0.720454545	0.672272727	0.7	0.705909091	0.79	0.784545455	0.568636364	0.875	0.733181818	0.492727273	0.822727273	0.478181818	0.943636364	0.939090909	0.96	0.925454545	0.61	0.564545455	0.903181818	0.861818182	0.756363636	0.663636364	0.537272727	0.849090909	0.815	0.523636364	0.512272727	0.653636364	0.652727273s1024.6	0.775909091	0.730909091	0.695454545	0.766363636	0.804545455	0.874545455	0.787727273	0.639545455	0.745454545	0.823636364	0.686363636	0.800454545	0.644545455	0.518636364	0.716818182	0.596363636	0.640454545	0.690454545	0.683181818	0	0.715454545	0.582272727	0.556363636	0.509090909	0.535	0.688181818	0.596363636	0.607727273	0.589090909	0.603181818	0.532272727	0.762727273	0.630454545	0.705454545	0.610909091	0.690909091	0.582727273	0.645454545	0.623636364	0.599090909	0.614545455	0.7	0.674090909	0.685909091	0.641363636	0.628181818	0.754090909	0.742727273	0.609545455	0.572727273	0.648636364	0.640909091	0.828636364	0.778181818	0.887272727	0.794545455	0.529545455	0.658636364	0.763636364	0.731363636	0.543181818	0.500454545	0.591363636	0.765909091	0.721818182	0.597727273	0.639090909	0.613636364	0.723636364s1024.7	0.932727273	0.818181818	0.691363636	0.892727273	0.909545455	0.942727273	0.935454545	0.605	0.813636364	0.884090909	0.809545455	0.913636364	0.7	0.686818182	0.487727273	0.664090909	0.492272727	0.882272727	0.482272727	0.715454545	0	0.575454545	0.795909091	0.648181818	0.689545455	0.758636364	0.625909091	0.514090909	0.736818182	0.849090909	0.605909091	0.549545455	0.514545455	0.574090909	0.760909091	0.713636364	0.664090909	0.537272727	0.663181818	0.699545455	0.772727273	0.740909091	0.752272727	0.759545455	0.803636364	0.787272727	0.507272727	0.9	0.737272727	0.565909091	0.854545455	0.543181818	0.959090909	0.954545455	0.978181818	0.941818182	0.644090909	0.585454545	0.929545455	0.883181818	0.750454545	0.695454545	0.638636364	0.890454545	0.824090909	0.571818182	0.605	0.695909091	0.632272727s1024.8	0.854545455	0.784545455	0.693181818	0.830909091	0.879545455	0.869545455	0.838181818	0.549090909	0.790454545	0.854090909	0.764545455	0.864090909	0.688181818	0.626363636	0.631363636	0.613181818	0.518181818	0.77	0.600454545	0.582272727	0.575454545	0	0.705	0.591818182	0.576363636	0.724090909	0.481363636	0.512727273	0.66	0.773181818	0.574545455	0.593181818	0.482727273	0.579090909	0.691363636	0.728636364	0.448636364	0.502272727	0.653636364	0.65	0.717272727	0.672727273	0.737272727	0.735909091	0.726363636	0.682727273	0.671363636	0.794545455	0.655454545	0.480909091	0.764545455	0.577727273	0.900454545	0.905	0.934545455	0.853636364	0.525909091	0.564545455	0.851818182	0.805	0.587727273	0.628181818	0.563636364	0.836818182	0.754090909	0.566818182	0.576363636	0.662727273	0.645909091s1116.1	0.785454545	0.640909091	0.752272727	0.719090909	0.797727273	0.869090909	0.796363636	0.740454545	0.685	0.794545455	0.654090909	0.800454545	0.669090909	0.604545455	0.765909091	0.633636364	0.757727273	0.691818182	0.747272727	0.556363636	0.795909091	0.705	0	0.564090909	0.622272727	0.619090909	0.691363636	0.728181818	0.553181818	0.529545455	0.558636364	0.814545455	0.748636364	0.768636364	0.621818182	0.78	0.728636364	0.742727273	0.665454545	0.643636364	0.590909091	0.728636364	0.712727273	0.665454545	0.576363636	0.682272727	0.762727273	0.711818182	0.634090909	0.680909091	0.678636364	0.724090909	0.839545455	0.782272727	0.869090909	0.792727273	0.635	0.745909091	0.747727273	0.749545455	0.643636364	0.534090909	0.674090909	0.762272727	0.689545455	0.640909091	0.730909091	0.648181818	0.721363636s1116.2	0.837272727	0.656363636	0.674545455	0.754545455	0.850454545	0.886363636	0.853181818	0.620454545	0.700454545	0.808181818	0.654090909	0.820454545	0.619545455	0.557272727	0.631818182	0.537727273	0.567727273	0.733636364	0.599090909	0.509090909	0.648181818	0.591818182	0.564090909	0	0.468636364	0.615	0.584545455	0.554090909	0.567727273	0.682272727	0.478181818	0.746818182	0.620454545	0.668636364	0.589545455	0.713181818	0.636818182	0.625	0.579090909	0.589090909	0.602272727	0.649090909	0.673181818	0.67	0.630909091	0.669090909	0.687727273	0.796363636	0.642727273	0.532272727	0.720454545	0.563181818	0.893636364	0.871363636	0.906363636	0.857272727	0.564090909	0.658181818	0.815909091	0.769545455	0.619090909	0.540454545	0.551818182	0.792272727	0.697727273	0.530454545	0.62	0.578636364	0.664545455s1116.3	0.865454545	0.698636364	0.657272727	0.785909091	0.853181818	0.911363636	0.870454545	0.586363636	0.772272727	0.813636364	0.627272727	0.821818182	0.596363636	0.523636364	0.625	0.500454545	0.603181818	0.790454545	0.593636364	0.535	0.689545455	0.576363636	0.622272727	0.468636364	0	0.667727273	0.627727273	0.603181818	0.446818182	0.676363636	0.522727273	0.752272727	0.631363636	0.611363636	0.563181818	0.725454545	0.575909091	0.580454545	0.586818182	0.472727273	0.611818182	0.580454545	0.672727273	0.677727273	0.717272727	0.731363636	0.665454545	0.834090909	0.711818182	0.467272727	0.752272727	0.56	0.904545455	0.885	0.932727273	0.883636364	0.507727273	0.666818182	0.854545455	0.809090909	0.647727273	0.562727273	0.500454545	0.800909091	0.773636364	0.507272727	0.515909091	0.635909091	0.672727273s1116.4	0.877272727	0.575909091	0.648636364	0.793181818	0.757727273	0.875909091	0.873636364	0.731363636	0.65	0.657272727	0.586818182	0.715	0.61	0.659545455	0.702272727	0.598636364	0.696363636	0.759545455	0.707272727	0.688181818	0.758636364	0.724090909	0.619090909	0.615	0.667727273	0	0.759545455	0.729090909	0.618181818	0.667727273	0.66	0.794090909	0.764090909	0.705909091	0.694090909	0.633181818	0.773181818	0.758636364	0.560454545	0.631363636	0.570454545	0.71	0.6	0.572727273	0.67	0.788181818	0.714545455	0.797272727	0.758181818	0.694545455	0.802272727	0.693636364	0.908181818	0.865909091	0.912727273	0.863181818	0.747727273	0.764090909	0.831363636	0.833181818	0.775909091	0.687272727	0.679090909	0.717727273	0.696363636	0.633636364	0.729090909	0.535454545	0.678636364s1116.5	0.810909091	0.794090909	0.731818182	0.812727273	0.892272727	0.890454545	0.815	0.623636364	0.783636364	0.888636364	0.769545455	0.887727273	0.699545455	0.625454545	0.682272727	0.68	0.567272727	0.788636364	0.675454545	0.596363636	0.625909091	0.481363636	0.691363636	0.584545455	0.627727273	0.759545455	0	0.465454545	0.719090909	0.783181818	0.595909091	0.673636364	0.495	0.64	0.722272727	0.768181818	0.541363636	0.570454545	0.69	0.696818182	0.74	0.744090909	0.764545455	0.772272727	0.679545455	0.626818182	0.723636364	0.786818182	0.561818182	0.574545455	0.737727273	0.572727273	0.865909091	0.886363636	0.901818182	0.822272727	0.52	0.572727273	0.829090909	0.722272727	0.560454545	0.604545455	0.6	0.858636364	0.758181818	0.607727273	0.651363636	0.672272727	0.703636364s1116.6	0.896818182	0.792272727	0.7	0.838636364	0.885909091	0.905	0.884545455	0.530454545	0.785454545	0.869090909	0.768636364	0.880909091	0.671818182	0.632727273	0.551363636	0.630454545	0.413636364	0.823181818	0.509545455	0.607727273	0.514090909	0.512727273	0.728181818	0.554090909	0.603181818	0.729090909	0.465454545	0	0.699545455	0.777727273	0.525	0.673636364	0.410909091	0.594545455	0.697272727	0.701363636	0.587727273	0.519090909	0.643181818	0.656363636	0.707727273	0.73	0.719090909	0.708636364	0.725	0.685454545	0.681363636	0.831818182	0.653636364	0.487727273	0.786818182	0.473636364	0.911818182	0.919090909	0.952727273	0.892272727	0.543181818	0.488181818	0.875	0.794090909	0.655454545	0.651363636	0.517272727	0.841363636	0.753636364	0.502272727	0.577272727	0.625909091	0.715s1116.7	0.865909091	0.665	0.655909091	0.779545455	0.84	0.915909091	0.867272727	0.654545455	0.765909091	0.78	0.622727273	0.809090909	0.586818182	0.558181818	0.649090909	0.488181818	0.708636364	0.791363636	0.621363636	0.589090909	0.736818182	0.66	0.553181818	0.567727273	0.446818182	0.618181818	0.719090909	0.699545455	0	0.602272727	0.545	0.771818182	0.704545455	0.648636364	0.527727273	0.721818182	0.685909091	0.647272727	0.597727273	0.485454545	0.567272727	0.659545455	0.662727273	0.632272727	0.716363636	0.780909091	0.689545455	0.835909091	0.744545455	0.574090909	0.753636364	0.673181818	0.898636364	0.87	0.938181818	0.878636364	0.621363636	0.734545455	0.844090909	0.827727273	0.703636364	0.556818182	0.622272727	0.787727273	0.778636364	0.566363636	0.575909091	0.63	0.698181818s1116.8	0.759090909	0.646363636	0.764545455	0.721818182	0.712727273	0.826363636	0.743181818	0.770909091	0.678636364	0.763636364	0.658181818	0.750454545	0.687727273	0.642272727	0.825454545	0.667272727	0.819545455	0.663636364	0.791363636	0.603181818	0.849090909	0.773181818	0.529545455	0.682272727	0.676363636	0.667727273	0.783181818	0.777727273	0.602272727	0	0.655909091	0.874545455	0.805909091	0.821818182	0.640909091	0.778636364	0.777272727	0.808636364	0.715454545	0.686818182	0.565	0.796363636	0.691363636	0.633636364	0.681818182	0.748636364	0.817727273	0.695909091	0.729090909	0.748636364	0.661363636	0.775	0.797272727	0.723181818	0.865909091	0.756363636	0.722727273	0.807727273	0.72	0.774545455	0.694545455	0.615454545	0.746363636	0.720454545	0.681818182	0.7	0.773636364	0.666363636	0.788181818s800.1	0.86	0.709090909	0.685	0.808181818	0.88	0.92	0.883181818	0.591818182	0.752727273	0.842727273	0.707272727	0.865454545	0.635454545	0.613636364	0.594090909	0.537727273	0.560454545	0.795454545	0.573636364	0.532272727	0.605909091	0.574545455	0.558636364	0.478181818	0.522727273	0.66	0.595909091	0.525	0.545	0.655909091	0	0.693181818	0.515909091	0.593636364	0.553636364	0.672272727	0.586818182	0.534090909	0.578636364	0.542272727	0.587272727	0.676818182	0.695	0.653636364	0.629090909	0.682272727	0.702272727	0.831363636	0.656818182	0.510454545	0.761818182	0.566363636	0.904545455	0.89	0.930454545	0.886363636	0.528181818	0.616363636	0.866363636	0.798636364	0.648181818	0.530909091	0.540454545	0.817272727	0.745909091	0.508636364	0.568636364	0.598636364	0.707272727s800.2	0.930909091	0.859090909	0.768636364	0.905909091	0.937272727	0.955909091	0.930454545	0.694090909	0.873181818	0.912727273	0.863181818	0.938181818	0.786363636	0.785	0.67	0.734545455	0.642727273	0.898181818	0.672272727	0.762727273	0.549545455	0.593181818	0.814545455	0.746818182	0.752272727	0.794090909	0.673636364	0.673636364	0.771818182	0.874545455	0.693181818	0	0.629090909	0.623181818	0.785909091	0.772272727	0.626818182	0.64	0.711363636	0.747727273	0.803636364	0.771818182	0.789545455	0.812727273	0.806363636	0.785909091	0.628181818	0.914090909	0.775909091	0.690454545	0.863181818	0.726818182	0.960909091	0.962727273	0.975454545	0.944090909	0.713636364	0.69	0.944090909	0.858636364	0.766818182	0.737272727	0.744545455	0.904545455	0.853181818	0.735909091	0.713181818	0.769090909	0.699090909s800.3	0.902272727	0.805	0.730454545	0.851818182	0.895454545	0.92	0.898636364	0.526363636	0.804545455	0.892272727	0.791818182	0.901363636	0.701363636	0.663636364	0.577272727	0.625909091	0.486363636	0.842727273	0.536818182	0.630454545	0.514545455	0.482727273	0.748636364	0.620454545	0.631363636	0.764090909	0.495	0.410909091	0.704545455	0.805909091	0.515909091	0.629090909	0	0.540909091	0.676818182	0.705909091	0.503181818	0.409545455	0.657727273	0.659090909	0.731818182	0.713181818	0.741818182	0.747727273	0.718181818	0.702272727	0.686818182	0.858636364	0.649545455	0.500909091	0.804090909	0.494545455	0.921818182	0.924090909	0.955	0.898181818	0.514545455	0.533181818	0.892727273	0.817727273	0.669545455	0.655909091	0.540909091	0.865909091	0.769090909	0.513636364	0.57	0.667727273	0.714545455s800.4	0.929090909	0.802272727	0.675	0.880909091	0.905454545	0.948181818	0.934545455	0.609090909	0.827272727	0.864090909	0.774090909	0.882727273	0.675	0.696363636	0.531363636	0.592727273	0.584545455	0.877727273	0.560454545	0.705454545	0.574090909	0.579090909	0.768636364	0.668636364	0.611363636	0.705909091	0.64	0.594545455	0.648636364	0.821818182	0.593636364	0.623181818	0.540909091	0	0.655	0.680909091	0.565909091	0.473636364	0.626818182	0.559090909	0.729090909	0.632272727	0.718181818	0.717272727	0.786363636	0.774545455	0.539090909	0.898636364	0.742272727	0.575909091	0.850454545	0.622272727	0.958636364	0.949090909	0.971818182	0.935454545	0.619090909	0.679090909	0.933181818	0.860909091	0.75	0.673636364	0.64	0.863636364	0.827727273	0.605909091	0.555	0.685454545	0.670454545s800.5	0.859090909	0.718636364	0.738636364	0.838181818	0.855454545	0.912272727	0.865909091	0.712272727	0.790909091	0.843181818	0.680454545	0.831363636	0.673181818	0.656363636	0.702727273	0.554090909	0.741363636	0.805454545	0.702272727	0.610909091	0.760909091	0.691363636	0.621818182	0.589545455	0.563181818	0.694090909	0.722272727	0.697272727	0.527727273	0.640909091	0.553636364	0.785909091	0.676818182	0.655	0	0.714545455	0.678181818	0.642727273	0.601818182	0.534090909	0.556363636	0.722272727	0.675	0.623181818	0.655909091	0.739545455	0.75	0.824545455	0.739545455	0.660454545	0.761818182	0.717272727	0.888181818	0.861363636	0.898636364	0.865454545	0.638636364	0.764545455	0.842272727	0.813636364	0.721363636	0.625909091	0.670454545	0.792272727	0.759545455	0.606363636	0.651363636	0.659545455	0.783636364s800.6	0.910454545	0.756363636	0.683636364	0.864090909	0.818181818	0.925	0.912727273	0.717727273	0.807272727	0.746818182	0.729090909	0.763181818	0.680454545	0.688181818	0.675909091	0.662727273	0.693181818	0.856363636	0.682272727	0.690909091	0.713636364	0.728636364	0.78	0.713181818	0.725454545	0.633181818	0.768181818	0.701363636	0.721818182	0.778636364	0.672272727	0.772272727	0.705909091	0.680909091	0.714545455	0	0.77	0.705909091	0.582272727	0.676363636	0.676363636	0.771363636	0.618181818	0.621818182	0.769545455	0.792727273	0.757727273	0.865909091	0.768636364	0.676818182	0.842727273	0.710454545	0.935	0.901363636	0.946363636	0.899545455	0.710909091	0.73	0.896818182	0.858636364	0.810909091	0.715909091	0.704545455	0.744545455	0.780909091	0.676818182	0.703636364	0.624090909	0.762272727s800.7	0.845909091	0.816818182	0.761818182	0.847272727	0.895	0.903636364	0.840909091	0.575454545	0.810909091	0.895454545	0.799090909	0.891818182	0.743181818	0.670454545	0.693181818	0.635	0.584545455	0.789090909	0.666363636	0.582727273	0.664090909	0.448636364	0.728636364	0.636818182	0.575909091	0.773181818	0.541363636	0.587727273	0.685909091	0.777272727	0.586818182	0.626818182	0.503181818	0.565909091	0.678181818	0.77	0	0.495	0.674545455	0.669545455	0.732272727	0.664545455	0.754545455	0.766363636	0.724545455	0.687272727	0.725909091	0.824090909	0.668181818	0.537272727	0.741818182	0.626363636	0.895909091	0.889545455	0.94	0.869545455	0.501818182	0.642272727	0.858181818	0.8	0.592727273	0.641818182	0.604090909	0.855909091	0.795909091	0.642727273	0.622272727	0.714545455	0.748181818s800.8	0.925454545	0.819090909	0.715454545	0.891818182	0.917272727	0.946818182	0.930454545	0.556818182	0.825	0.895909091	0.799545455	0.911363636	0.677272727	0.656363636	0.57	0.580909091	0.545909091	0.875909091	0.560454545	0.645454545	0.537272727	0.502272727	0.742727273	0.625	0.580454545	0.758636364	0.570454545	0.519090909	0.647272727	0.808636364	0.534090909	0.64	0.409545455	0.473636364	0.642727273	0.705909091	0.495	0	0.645	0.592727273	0.729545455	0.66	0.748636364	0.75	0.762727273	0.752272727	0.662727273	0.893636364	0.695909091	0.493636364	0.830909091	0.545	0.943181818	0.938636364	0.965909091	0.934545455	0.522727273	0.614545455	0.912272727	0.853181818	0.710454545	0.648181818	0.569090909	0.884545455	0.817272727	0.524090909	0.529545455	0.682272727	0.711818182s934.1	0.874090909	0.680454545	0.631363636	0.822727273	0.802727273	0.893636364	0.871363636	0.668181818	0.745909091	0.743181818	0.694545455	0.762727273	0.650909091	0.632727273	0.589545455	0.517272727	0.623181818	0.803636364	0.607727273	0.623636364	0.663181818	0.653636364	0.665454545	0.579090909	0.586818182	0.560454545	0.69	0.643181818	0.597727273	0.715454545	0.578636364	0.711363636	0.657727273	0.626818182	0.601818182	0.582272727	0.674545455	0.645	0	0.563181818	0.578181818	0.660454545	0.521363636	0.603181818	0.698636364	0.732272727	0.678636364	0.824090909	0.710909091	0.605454545	0.788636364	0.651818182	0.908636364	0.878181818	0.918636364	0.867727273	0.651363636	0.692727273	0.858636364	0.824090909	0.720454545	0.636818182	0.640909091	0.736818182	0.727272727	0.618636364	0.646363636	0.592727273	0.703181818s934.2	0.889090909	0.709545455	0.632727273	0.823636364	0.858181818	0.935	0.892272727	0.634545455	0.802727273	0.798636364	0.670909091	0.820909091	0.622272727	0.594090909	0.617727273	0.533636364	0.670454545	0.826363636	0.621363636	0.599090909	0.699545455	0.65	0.643636364	0.589090909	0.472727273	0.631363636	0.696818182	0.656363636	0.485454545	0.686818182	0.542272727	0.747727273	0.659090909	0.559090909	0.534090909	0.676363636	0.669545455	0.592727273	0.563181818	0	0.594545455	0.580909091	0.653636364	0.651818182	0.746363636	0.766818182	0.658636364	0.854090909	0.724090909	0.570454545	0.786363636	0.635909091	0.923636364	0.890909091	0.946363636	0.905909091	0.594545455	0.698636364	0.877272727	0.837727273	0.717727273	0.601363636	0.607727273	0.798181818	0.798636364	0.568181818	0.546363636	0.630909091	0.707727273s934.3	0.846363636	0.664090909	0.725909091	0.795454545	0.775909091	0.877272727	0.838636364	0.75	0.718181818	0.761363636	0.615909091	0.740454545	0.657272727	0.640454545	0.738181818	0.554545455	0.743181818	0.749545455	0.720454545	0.614545455	0.772727273	0.717272727	0.590909091	0.602272727	0.611818182	0.570454545	0.74	0.707727273	0.567272727	0.565	0.587272727	0.803636364	0.731818182	0.729090909	0.556363636	0.676363636	0.732272727	0.729545455	0.578181818	0.594545455	0	0.762727273	0.585909091	0.479090909	0.595454545	0.738181818	0.751363636	0.771818182	0.730909091	0.677727273	0.754545455	0.711818182	0.876363636	0.819545455	0.906363636	0.832272727	0.695	0.767727273	0.810909091	0.792727273	0.713636364	0.652727273	0.709090909	0.700909091	0.675454545	0.651818182	0.734545455	0.599090909	0.750909091s934.4	0.895909091	0.753636364	0.711363636	0.833181818	0.896818182	0.948636364	0.917272727	0.665909091	0.825454545	0.822727273	0.771363636	0.870909091	0.763636364	0.683636364	0.661363636	0.658636364	0.671363636	0.861818182	0.672272727	0.7	0.740909091	0.672727273	0.728636364	0.649090909	0.580454545	0.71	0.744090909	0.73	0.659545455	0.796363636	0.676818182	0.771818182	0.713181818	0.632272727	0.722272727	0.771363636	0.664545455	0.66	0.660454545	0.580909091	0.762727273	0	0.75	0.789545455	0.811818182	0.86	0.713181818	0.905	0.826818182	0.619545455	0.835909091	0.699545455	0.943181818	0.918181818	0.948636364	0.936363636	0.648636364	0.750454545	0.903181818	0.901363636	0.755	0.705454545	0.639545455	0.85	0.832727273	0.656818182	0.622727273	0.748181818	0.745454545s934.5	0.873181818	0.728636364	0.709090909	0.819090909	0.768636364	0.882727273	0.860454545	0.746363636	0.760909091	0.707727273	0.692727273	0.706818182	0.682272727	0.679090909	0.699090909	0.594545455	0.714090909	0.789545455	0.7	0.674090909	0.752272727	0.737272727	0.712727273	0.673181818	0.672727273	0.6	0.764545455	0.719090909	0.662727273	0.691363636	0.695	0.789545455	0.741818182	0.718181818	0.675	0.618181818	0.754545455	0.748636364	0.521363636	0.653636364	0.585909091	0.75	0	0.563636364	0.701363636	0.782272727	0.733636364	0.8	0.765909091	0.71	0.793636364	0.726363636	0.886818182	0.843181818	0.921818182	0.848636364	0.736363636	0.762272727	0.840454545	0.821818182	0.762727273	0.7	0.737727273	0.675909091	0.754090909	0.698636364	0.743636364	0.629545455	0.753181818s934.6	0.888636364	0.708636364	0.724090909	0.837272727	0.774545455	0.886818182	0.868636364	0.770454545	0.734090909	0.691818182	0.646818182	0.714090909	0.661363636	0.68	0.716818182	0.605909091	0.729545455	0.794090909	0.705909091	0.685909091	0.759545455	0.735909091	0.665454545	0.67	0.677727273	0.572727273	0.772272727	0.708636364	0.632272727	0.633636364	0.653636364	0.812727273	0.747727273	0.717272727	0.623181818	0.621818182	0.766363636	0.75	0.603181818	0.651818182	0.479090909	0.789545455	0.563636364	0	0.64	0.756363636	0.74	0.792272727	0.763181818	0.721363636	0.807272727	0.718181818	0.889545455	0.841363636	0.916363636	0.853636364	0.748181818	0.783636364	0.835454545	0.814090909	0.767272727	0.705	0.738636364	0.674545455	0.695	0.670454545	0.736818182	0.605454545	0.761818182s934.7	0.777727273	0.748636364	0.810454545	0.792727273	0.824545455	0.880909091	0.797272727	0.793181818	0.696363636	0.841363636	0.703181818	0.81	0.734545455	0.700909091	0.779090909	0.713636364	0.762727273	0.741818182	0.79	0.641363636	0.803636364	0.726363636	0.576363636	0.630909091	0.717272727	0.67	0.679545455	0.725	0.716363636	0.681818182	0.629090909	0.806363636	0.718181818	0.786363636	0.655909091	0.769545455	0.724545455	0.762727273	0.698636364	0.746363636	0.595454545	0.811818182	0.701363636	0.64	0	0.568636364	0.806363636	0.739545455	0.620454545	0.735909091	0.721363636	0.737272727	0.805	0.777272727	0.868181818	0.751818182	0.691363636	0.79	0.753636364	0.687272727	0.635	0.632727273	0.743181818	0.746363636	0.624545455	0.705	0.779090909	0.673181818	0.783636364s934.8	0.758636364	0.824545455	0.803636364	0.807727273	0.880454545	0.876818182	0.786363636	0.787272727	0.779545455	0.894545455	0.782272727	0.880909091	0.760909091	0.725454545	0.785909091	0.757272727	0.745	0.753636364	0.784545455	0.628181818	0.787272727	0.682727273	0.682272727	0.669090909	0.731363636	0.788181818	0.626818182	0.685454545	0.780909091	0.748636364	0.682272727	0.785909091	0.702272727	0.774545455	0.739545455	0.792727273	0.687272727	0.752272727	0.732272727	0.766818182	0.738181818	0.86	0.782272727	0.756363636	0.568636364	0	0.818181818	0.75	0.531818182	0.740909091	0.677272727	0.73	0.838636364	0.810454545	0.895454545	0.764545455	0.691818182	0.739545455	0.802272727	0.644090909	0.581818182	0.685	0.739545455	0.828636364	0.708181818	0.733636364	0.783636364	0.719090909	0.780454545w1116.1	0.922272727	0.800454545	0.674545455	0.859545455	0.879545455	0.923181818	0.92	0.698181818	0.828636364	0.837272727	0.764545455	0.869545455	0.681363636	0.693181818	0.544545455	0.668181818	0.636363636	0.855454545	0.568636364	0.754090909	0.507272727	0.671363636	0.762727273	0.687727273	0.665454545	0.714545455	0.723636364	0.681363636	0.689545455	0.817727273	0.702272727	0.628181818	0.686818182	0.539090909	0.75	0.757727273	0.725909091	0.662727273	0.678636364	0.658636364	0.751363636	0.713181818	0.733636364	0.74	0.806363636	0.818181818	0	0.866818182	0.778181818	0.650454545	0.834090909	0.639090909	0.952272727	0.939545455	0.965	0.926363636	0.697272727	0.655454545	0.904545455	0.85	0.765909091	0.717727273	0.677272727	0.866818182	0.830454545	0.654545455	0.608636364	0.712727273	0.618181818w1116.2	0.695	0.780454545	0.855454545	0.725	0.787727273	0.695909091	0.653636364	0.84	0.766363636	0.860909091	0.813181818	0.823636364	0.818636364	0.768636364	0.890909091	0.809090909	0.860909091	0.595	0.875	0.742727273	0.9	0.794545455	0.711818182	0.796363636	0.834090909	0.797272727	0.786818182	0.831818182	0.835909091	0.695909091	0.831363636	0.914090909	0.858636364	0.898636364	0.824545455	0.865909091	0.824090909	0.893636364	0.824090909	0.854090909	0.771818182	0.905	0.8	0.792272727	0.739545455	0.75	0.866818182	0	0.694545455	0.859545455	0.626818182	0.850909091	0.661363636	0.702272727	0.687272727	0.605454545	0.804090909	0.832727273	0.553181818	0.654090909	0.72	0.772272727	0.830909091	0.805454545	0.745	0.823636364	0.881363636	0.794545455	0.845909091w1116.3	0.766363636	0.79	0.771818182	0.73	0.855	0.856818182	0.770909091	0.735454545	0.756363636	0.884090909	0.767727273	0.871818182	0.722272727	0.671363636	0.755454545	0.729545455	0.701818182	0.742272727	0.733181818	0.609545455	0.737272727	0.655454545	0.634090909	0.642727273	0.711818182	0.758181818	0.561818182	0.653636364	0.744545455	0.729090909	0.656818182	0.775909091	0.649545455	0.742272727	0.739545455	0.768636364	0.668181818	0.695909091	0.710909091	0.724090909	0.730909091	0.826818182	0.765909091	0.763181818	0.620454545	0.531818182	0.778181818	0.694545455	0	0.696363636	0.663636364	0.705909091	0.813636364	0.809090909	0.859545455	0.748181818	0.598181818	0.652727273	0.747727273	0.624090909	0.617727273	0.645	0.676363636	0.827272727	0.725454545	0.686818182	0.751363636	0.712727273	0.729090909w1116.4	0.9	0.754090909	0.675	0.83	0.881818182	0.911363636	0.895454545	0.501363636	0.805454545	0.840909091	0.717272727	0.857727273	0.635909091	0.585454545	0.549545455	0.564090909	0.503181818	0.835909091	0.492727273	0.572727273	0.565909091	0.480909091	0.680909091	0.532272727	0.467272727	0.694545455	0.574545455	0.487727273	0.574090909	0.748636364	0.510454545	0.690454545	0.500909091	0.575909091	0.660454545	0.676818182	0.537272727	0.493636364	0.605454545	0.570454545	0.677727273	0.619545455	0.71	0.721363636	0.735909091	0.740909091	0.650454545	0.859545455	0.696363636	0	0.797727273	0.497272727	0.935	0.916363636	0.957272727	0.911363636	0.47	0.565	0.89	0.842272727	0.664545455	0.61	0.422272727	0.834545455	0.8	0.496818182	0.452727273	0.634545455	0.68w1116.5	0.626363636	0.781818182	0.815909091	0.683181818	0.810454545	0.743636364	0.640909091	0.77	0.757272727	0.858636364	0.753181818	0.839545455	0.777272727	0.702272727	0.841818182	0.776363636	0.812727273	0.58545