	h1468.1	h1468.2	h1468.3	h1468.4	h1468.5	h1468.6	h1468.7	h1468.8	h1600.1	h1600.2	h1600.4	h1600.5	h1600.6	h1600.7	s1024.1	s1024.2	s1024.3	s1024.4	s1024.5	s1024.6	s1024.7	s1024.8	s1116.1 	s1116.2	s1116.3	s1116.4	s1116.5	s1116.6	s1116.7	s1116.8	s800.1	s800.2	s800.3	s800.4	s800.5	s800.6	s800.7	s800.8	s934.1	s934.2	s934.3	s934.4	s934.5	s934.6	s934.7	s934.8	w1116.1	w1116.2	w1116.3	w1116.4	w1116.5	w1116.6	w1116.7	w1116.8	w1204.1	w1204.2	w1204.3	w1204.4	w1204.5	w1204.6	w1204.7	w1204.8	w1274.1	w1274.2	w1274.4	w1274.5	w1274.6	w1274.7	w1274.8h1468.1	0	0.291100195	0.4310103	0.257270855	0.413800723	0.221947677	0.147705868	0.337021268	0.349078423	0.393308341	0.370894091	0.416969445	0.362468895	0.344509418	0.541773982	0.422963782	0.395399259	0.312076009	0.445239609	0.345390823	0.486235632	0.37111325	0.363061441	0.347956236	0.377312295	0.301793645	0.371727759	0.414437232	0.465768582	0.320195886	0.404373664	0.541614545	0.365214264	0.460595741	0.36249255	0.422146655	0.33353525	0.3812086	0.417392341	0.45046845	0.339349077	0.405410073	0.435133005	0.381271995	0.324963927	0.36216585	0.556719464	0.236698982	0.3121959	0.425649045	0.2374069	0.377079532	0.251955936	0.326927914	0.347942145	0.233652118	0.340282655	0.383434627	0.212993932	0.369395177	0.333647709	0.324718791	0.364033677	0.426089859	0.429302091	0.331544909	0.471550609	0.376031873	0.357886532h1468.2	0.291100195	0	0.302889777	0.26334885	0.398079255	0.3691657	0.283531382	0.282687464	0.261375673	0.291477518	0.247352705	0.362359859	0.199886891	0.24667015	0.425928659	0.28223505	0.345614009	0.402859205	0.329909341	0.307838118	0.399770618	0.369496473	0.261305845	0.26998545	0.258130445	0.184408359	0.365473018	0.379440518	0.320480668	0.225109191	0.264790686	0.545378568	0.341362895	0.354215191	0.228713473	0.352028559	0.3438848	0.276824023	0.302198873	0.318650909	0.222728582	0.309492914	0.365027527	0.280027191	0.329053732	0.403633227	0.47841755	0.350649086	0.333804014	0.330695395	0.349466405	0.271890864	0.324543868	0.404663582	0.392771123	0.355329832	0.302662241	0.377383923	0.325907018	0.444695791	0.386345677	0.224603477	0.279670355	0.396782582	0.381044705	0.177776305	0.370215786	0.295698668	0.3094374h1468.3	0.4310103	0.302889777	0	0.322694373	0.331504005	0.474359123	0.434638986	0.238891432	0.291601386	0.216386023	0.229513182	0.297143273	0.208170841	0.191022564	0.226739082	0.170755736	0.252056886	0.340547845	0.161926255	0.249280505	0.255135668	0.27933505	0.21780605	0.269962345	0.198335995	0.286219155	0.323660941	0.328392514	0.210873664	0.24005885	0.206801891	0.417006936	0.312258018	0.184874423	0.268959168	0.267101082	0.287611277	0.249264173	0.195146023	0.17659445	0.263539859	0.254041591	0.268976268	0.272134841	0.385104755	0.395906677	0.282044373	0.448402582	0.349927291	0.213281018	0.333407491	0.228868877	0.365850773	0.38861895	0.563472	0.425662582	0.251306918	0.294542655	0.405110132	0.397098077	0.305919691	0.234752636	0.240345332	0.326026141	0.366620073	0.256053345	0.203776409	0.244228018	0.349368832h1468.4	0.257270855	0.26334885	0.322694373	0	0.308466995	0.275431823	0.222236023	0.249590795	0.221320223	0.293354305	0.263023382	0.290846355	0.269280768	0.240928818	0.449484864	0.312192818	0.28093785	0.311221018	0.345780382	0.262562359	0.395674668	0.264768305	0.268197214	0.232567464	0.28186345	0.223471291	0.284723405	0.318125995	0.368365327	0.245639605	0.3091449	0.435337355	0.276919527	0.370900168	0.301082941	0.316555073	0.258889377	0.304581409	0.308487177	0.347306314	0.238857268	0.311927327	0.339556495	0.265069023	0.232855318	0.301430059	0.4745781	0.271100336	0.231595809	0.329128964	0.234289936	0.292451968	0.228341055	0.284816905	0.373603291	0.252452791	0.266010818	0.276277591	0.226249232	0.309354259	0.254234209	0.249739664	0.274386968	0.325509532	0.314335645	0.243576464	0.3804752	0.257652218	0.291836068h1468.5	0.413800723	0.398079255	0.331504005	0.308466995	0	0.4123302	0.390779218	0.330417609	0.249520182	0.246901664	0.283404877	0.183406368	0.357726809	0.28177445	0.430205386	0.314667068	0.284173845	0.285320468	0.345303359	0.259102236	0.383856455	0.292974882	0.368722764	0.308721695	0.334798045	0.330428368	0.334671191	0.324851655	0.396418495	0.319629182	0.350813759	0.439940459	0.325511677	0.400371036	0.4240945	0.277778059	0.331393236	0.432475277	0.257787573	0.360363018	0.308074809	0.424035514	0.249677564	0.268388436	0.341361095	0.369447891	0.447208295	0.355000105	0.321508868	0.339273705	0.28921915	0.332540627	0.35161695	0.251616955	0.500385005	0.331816977	0.321299114	0.310209959	0.336090909	0.332007136	0.275171305	0.377031059	0.311685755	0.189747682	0.262204123	0.390390805	0.389639659	0.238617823	0.437110855h1468.6	0.221947677	0.3691657	0.474359123	0.275431823	0.4123302	0	0.192446873	0.3979887	0.369469564	0.433707918	0.414159868	0.424231995	0.415363209	0.407796032	0.598399286	0.467959405	0.426344164	0.309061441	0.499030823	0.398567636	0.529197955	0.412716573	0.426253273	0.390480032	0.431393618	0.342884614	0.4074768	0.449858327	0.525278232	0.381979145	0.461326195	0.575801159	0.405199668	0.516798327	0.421477609	0.463247014	0.4021073	0.451421286	0.4652701	0.506737809	0.385519518	0.468880214	0.485167455	0.403465564	0.360962005	0.415712918	0.603879941	0.226358259	0.347799405	0.473952205	0.285768295	0.449192673	0.304374705	0.345518645	0.369757868	0.241107023	0.415385259	0.404423886	0.219538464	0.395588155	0.377899059	0.395894414	0.412857291	0.4456915	0.424586632	0.39404125	0.528057295	0.396543823	0.386564509h1468.7	0.147705868	0.283531382	0.434638986	0.222236023	0.390779218	0.192446873	0	0.336501327	0.318795945	0.399537627	0.371779295	0.393410086	0.363834564	0.346566614	0.551502532	0.424700732	0.372299736	0.339340541	0.450207623	0.346452091	0.491669445	0.356568455	0.3738221	0.328830977	0.384710345	0.286411314	0.350172109	0.389502018	0.476914768	0.317561891	0.406853841	0.532032695	0.342439395	0.4680592	0.3677879	0.419009677	0.338001182	0.385892632	0.422332118	0.461222082	0.332079109	0.421973441	0.443193064	0.346426909	0.299840923	0.333909745	0.566922514	0.232988177	0.281654623	0.429894877	0.255003605	0.377712573	0.230142905	0.309315982	0.298429023	0.201254314	0.352583441	0.353717268	0.208219055	0.349216327	0.315725368	0.328258205	0.3681404	0.404072	0.382117405	0.326084559	0.47887635	0.345703595	0.345916209h1468.8	0.337021268	0.282687464	0.238891432	0.249590795	0.330417609	0.3979887	0.336501327	0	0.231501736	0.226713055	0.199386605	0.305709595	0.216518291	0.161261859	0.327227859	0.214330723	0.187262945	0.322404905	0.224021514	0.187568182	0.268323982	0.181182918	0.259207009	0.159690177	0.164713973	0.241046332	0.218366818	0.219067727	0.276980977	0.261099527	0.17598535	0.357720495	0.174415341	0.219869609	0.273658664	0.254954959	0.148566882	0.196191159	0.221156936	0.237045927	0.207528591	0.262186595	0.295027382	0.223837245	0.302885968	0.283137509	0.365946895	0.380573968	0.247565286	0.186317295	0.242326759	0.1484203	0.302366623	0.349458818	0.465327023	0.364055159	0.135013623	0.184364868	0.340168264	0.3374607	0.228536086	0.21850615	0.127190536	0.343541827	0.32650475	0.187726295	0.244146077	0.226045541	0.287575627h1600.1	0.349078423	0.261375673	0.291601386	0.221320223	0.249520182	0.369469564	0.318795945	0.231501736	0	0.223344573	0.206511386	0.226047168	0.239395	0.222671168	0.410066077	0.271115523	0.250460136	0.299229195	0.315209177	0.242413918	0.359622582	0.269691755	0.285515655	0.193389641	0.246030655	0.227056123	0.239058082	0.265038564	0.328910777	0.246897064	0.263889677	0.431673677	0.234481105	0.338599345	0.319907636	0.293053386	0.2496273	0.318471914	0.2679212	0.309455373	0.201622082	0.346002695	0.293927327	0.174655409	0.242844277	0.2624942	0.455518223	0.306110241	0.211850123	0.304066323	0.225341805	0.2446424	0.297111805	0.273199564	0.419325168	0.291612486	0.239441914	0.264777532	0.297099591	0.294698873	0.257659868	0.276924732	0.227991991	0.261158745	0.209915414	0.248355223	0.364516114	0.189353214	0.348868636h1600.2	0.393308341	0.291477518	0.216386023	0.293354305	0.246901664	0.433707918	0.399537627	0.226713055	0.223344573	0	0.199089759	0.188681777	0.247850509	0.194780041	0.357259205	0.232300368	0.251566009	0.308566077	0.267113259	0.232246145	0.315444409	0.2709183	0.2947531	0.234282223	0.232094791	0.241618914	0.308460745	0.306921509	0.29285435	0.263709827	0.248464423	0.433682395	0.284028577	0.296850591	0.335159955	0.227063368	0.275035773	0.32284785	0.201153009	0.271106345	0.2235492	0.308914114	0.222716691	0.210767927	0.337201059	0.354119318	0.38964205	0.393077695	0.318017805	0.270534332	0.294995468	0.233469727	0.321086295	0.319983727	0.516227986	0.377254086	0.243142332	0.297567159	0.354998573	0.361215018	0.295223468	0.291911323	0.224469391	0.237662082	0.297565286	0.269344005	0.307600686	0.195409968	0.338980582h1600.4	0.370894091	0.247352705	0.229513182	0.263023382	0.283404877	0.414159868	0.371779295	0.199386605	0.206511386	0.199089759	0	0.237850527	0.166602005	0.174129355	0.354982973	0.194934845	0.249021768	0.2902207	0.261610527	0.186595432	0.319515105	0.262763632	0.23327035	0.180570082	0.166685159	0.217613636	0.264876086	0.276551659	0.254471255	0.202060168	0.194510273	0.449440055	0.250648218	0.283113105	0.262112823	0.258358745	0.25051645	0.278384918	0.211531259	0.234525086	0.151316232	0.317574409	0.251147223	0.180031523	0.276751564	0.295604077	0.390878573	0.346194236	0.249222136	0.2528375	0.242639818	0.190916568	0.301594582	0.301653123	0.496304918	0.329723336	0.222417473	0.278014673	0.309287132	0.311465532	0.269762009	0.229233091	0.17809115	0.289374077	0.289144818	0.218502709	0.301726555	0.185664282	0.344287868h1600.5	0.416969445	0.362359859	0.297143273	0.290846355	0.183406368	0.424231995	0.393410086	0.305709595	0.226047168	0.188681777	0.237850527	0	0.312408114	0.254787273	0.429558245	0.268470791	0.278937423	0.295262164	0.344146627	0.24857995	0.385915895	0.279974023	0.346792523	0.274058909	0.294096241	0.290486745	0.303420441	0.301833259	0.357201	0.30526355	0.314185091	0.450483227	0.285455191	0.377576586	0.38934405	0.262758818	0.314658405	0.405784436	0.246277223	0.318901295	0.266877905	0.386823873	0.235129441	0.232679732	0.313940245	0.338084141	0.451539991	0.352936609	0.302788418	0.334847018	0.298753118	0.30533665	0.350854945	0.272711359	0.499748527	0.335043736	0.299217391	0.3014313	0.341219814	0.317405141	0.274158945	0.3529265	0.274826459	0.167099495	0.258067318	0.351129055	0.375621309	0.201674082	0.411405832h1600.6	0.362468895	0.199886891	0.208170841	0.269280768	0.357726809	0.415363209	0.363834564	0.216518291	0.239395	0.247850509	0.166602005	0.312408114	0	0.18242605	0.326313168	0.180867605	0.276015673	0.347401586	0.227824568	0.240031327	0.307369873	0.303863864	0.183382445	0.213897786	0.171734573	0.209694959	0.301248473	0.311802691	0.239435032	0.172241591	0.189497677	0.470981768	0.282037132	0.253169655	0.206103582	0.30109215	0.285793191	0.19871555	0.240848891	0.224419909	0.178331327	0.274627977	0.302776164	0.223150536	0.300893259	0.349372955	0.375973005	0.357312605	0.275137695	0.251374195	0.294199214	0.199921355	0.306968459	0.355729118	0.487630914	0.350978686	0.242584059	0.303810332	0.324392682	0.377779082	0.32490305	0.171151641	0.202781045	0.360422982	0.350526414	0.149803523	0.270775214	0.241323641	0.306954591h1600.7	0.344509418	0.24667015	0.191022564	0.240928818	0.28177445	0.407796032	0.346566614	0.161261859	0.222671168	0.194780041	0.174129355	0.254787273	0.18242605	0	0.302508936	0.161407145	0.213447123	0.270223636	0.203938245	0.139333459	0.256902559	0.215365759	0.187608786	0.171402336	0.125110395	0.239687273	0.242179959	0.252428923	0.206922527	0.183911432	0.154350418	0.406013773	0.222700936	0.226799205	0.234635723	0.249052236	0.199436405	0.223330973	0.17897795	0.192387323	0.18009335	0.257526736	0.252879014	0.213372477	0.282288709	0.290068077	0.343966627	0.362054255	0.247524027	0.181325236	0.2275822	0.160302859	0.286447873	0.309932341	0.488041964	0.344103636	0.150959582	0.2488203	0.311240641	0.315984914	0.216954836	0.174687182	0.162882086	0.284384586	0.2945579	0.182304927	0.222651982	0.193872873	0.328667077s1024.1	0.541773982	0.425928659	0.226739082	0.449484864	0.430205386	0.598399286	0.551502532	0.327227859	0.410066077	0.357259205	0.354982973	0.429558245	0.326313168	0.302508936	0	0.2668202	0.27768905	0.445868645	0.163779518	0.333327377	0.242608977	0.344426859	0.31618995	0.364475827	0.286977986	0.409055509	0.408174732	0.333547795	0.202538909	0.357789068	0.284591191	0.389518545	0.385298164	0.214582186	0.34727235	0.323949491	0.371217141	0.303146009	0.269602105	0.224683932	0.373338495	0.3013179	0.306335341	0.377279541	0.484586318	0.473582514	0.237606673	0.563060755	0.438524327	0.241001873	0.4347104	0.288218223	0.476473818	0.50386345	0.6815179	0.547272827	0.3316348	0.343689973	0.518848423	0.494596023	0.384711964	0.324010718	0.331056923	0.41748525	0.445556227	0.341518227	0.179833945	0.368823127	0.443781277s1024.2	0.422963782	0.28223505	0.170755736	0.312192818	0.314667068	0.467959405	0.424700732	0.214330723	0.271115523	0.232300368	0.194934845	0.268470791	0.180867605	0.161407145	0.2668202	0	0.249218759	0.298945582	0.178010555	0.198373023	0.250871923	0.22712365	0.207668786	0.219943827	0.150707868	0.268828127	0.293117386	0.292746668	0.187847791	0.212029668	0.161904982	0.422332991	0.261028009	0.196330159	0.228122941	0.253672145	0.244478614	0.227107436	0.174238277	0.14968785	0.208235441	0.272836345	0.241236086	0.244004214	0.339609909	0.35936015	0.323302309	0.409281227	0.315340827	0.182906964	0.302454082	0.195472114	0.355818927	0.355396841	0.554813045	0.396583427	0.216264964	0.283368109	0.365463005	0.358214405	0.262850227	0.211319345	0.19362805	0.316917432	0.334753073	0.227880818	0.209847536	0.222538145	0.380203214s1024.3	0.395399259	0.345614009	0.252056886	0.28093785	0.284173845	0.426344164	0.372299736	0.187262945	0.250460136	0.251566009	0.249021768	0.278937423	0.276015673	0.213447123	0.27768905	0.249218759	0	0.32218015	0.194414405	0.194862882	0.214257109	0.177464164	0.311334818	0.17988855	0.218241036	0.260525005	0.218677018	0.145914555	0.325929468	0.308811127	0.208116132	0.285343505	0.191748159	0.2641373	0.346037182	0.234342232	0.205456073	0.27073435	0.204605845	0.2625989	0.255531682	0.303908386	0.236470464	0.223852582	0.298934895	0.277754255	0.325094205	0.382849386	0.248428132	0.195562414	0.273450923	0.170544227	0.342804059	0.353342355	0.511743095	0.376175368	0.188234505	0.167450459	0.356812573	0.322492891	0.217662041	0.273974814	0.1829879	0.265822109	0.280040432	0.255143032	0.273316314	0.195723159	0.321642209s1024.4	0.312076009	0.402859205	0.340547845	0.311221018	0.285320468	0.309061441	0.339340541	0.322404905	0.299229195	0.308566077	0.2902207	0.295262164	0.347401586	0.270223636	0.445868645	0.298945582	0.32218015	0	0.3693749	0.242853759	0.386739832	0.281572268	0.33515385	0.290495509	0.309276014	0.343065036	0.321697068	0.349309332	0.368439073	0.301571895	0.323743	0.472265327	0.325946109	0.383417032	0.406224268	0.335211455	0.307542368	0.411458573	0.296331932	0.338548759	0.296003741	0.404996055	0.300106632	0.298238814	0.330391873	0.334930605	0.451156436	0.251043973	0.296121364	0.348239191	0.201463182	0.324364332	0.301576	0.255959514	0.521288764	0.276992355	0.304053018	0.341424436	0.239124314	0.301837214	0.243045173	0.353326109	0.28766445	0.29570315	0.3209161	0.361737082	0.397902536	0.270258164	0.428972759s1024.5	0.445239609	0.329909341	0.161926255	0.345780382	0.345303359	0.499030823	0.450207623	0.224021514	0.315209177	0.267113259	0.261610527	0.344146627	0.227824568	0.203938245	0.163779518	0.178010555	0.194414405	0.3693749	0	0.23995475	0.19861135	0.264457632	0.230904459	0.264139936	0.194067232	0.311777291	0.329243368	0.248033968	0.220986118	0.26643625	0.189143227	0.361881655	0.292038818	0.18090345	0.258953805	0.236567236	0.285099986	0.213863573	0.191369623	0.166168232	0.274241159	0.266149927	0.249049986	0.286177468	0.392498027	0.390139614	0.232182382	0.465015	0.347992873	0.145404064	0.334606036	0.194354868	0.390188318	0.419489895	0.581449655	0.449470427	0.2399541	0.252990373	0.420411732	0.414148586	0.303380973	0.236933464	0.228455605	0.338358105	0.362926455	0.244881755	0.177891145	0.272386473	0.36847525s1024.6	0.345390823	0.307838118	0.249280505	0.262562359	0.259102236	0.398567636	0.346452091	0.187568182	0.242413918	0.232246145	0.186595432	0.24857995	0.240031327	0.139333459	0.333327377	0.198373023	0.194862882	0.242853759	0.23995475	0	0.2670838	0.186365755	0.218586873	0.166576077	0.165445627	0.26561075	0.223172955	0.224078309	0.263226332	0.213318118	0.172855232	0.383580405	0.212270941	0.270101409	0.264410845	0.248848814	0.195615336	0.260119432	0.183965718	0.206014409	0.187348991	0.313254495	0.238634764	0.212290764	0.246320677	0.254254582	0.357338423	0.336798877	0.213661095	0.201391932	0.205801668	0.162212645	0.27482415	0.284622173	0.488444932	0.325781014	0.160479377	0.226494941	0.292194027	0.271678318	0.16348015	0.207537923	0.165228427	0.258919509	0.263035868	0.233549086	0.265912377	0.193137877	0.3546664s1024.7	0.486235632	0.399770618	0.255135668	0.395674668	0.383856455	0.529197955	0.491669445	0.268323982	0.359622582	0.315444409	0.319515105	0.385915895	0.307369873	0.256902559	0.242608977	0.250871923	0.214257109	0.386739832	0.19861135	0.2670838	0	0.264507009	0.321368545	0.295593968	0.244252836	0.366474577	0.3249482	0.265124045	0.315053741	0.333804891	0.235710423	0.250451023	0.296990895	0.226652782	0.349873227	0.293969405	0.293231345	0.27744395	0.229504373	0.257526482	0.328056255	0.315998923	0.280834909	0.326335482	0.409766314	0.397490973	0.186815541	0.499224986	0.363822105	0.200919414	0.371731332	0.231161436	0.429073123	0.443141982	0.625987659	0.48817135	0.262287595	0.28251165	0.452254318	0.426729682	0.308903568	0.29204255	0.264561755	0.370238973	0.390316677	0.295079086	0.267054377	0.31751905	0.293483518s1024.8	0.37111325	0.369496473	0.27933505	0.264768305	0.292974882	0.412716573	0.356568455	0.181182918	0.269691755	0.2709183	0.262763632	0.279974023	0.303863864	0.215365759	0.344426859	0.22712365	0.177464164	0.281572268	0.264457632	0.186365755	0.264507009	0	0.290699464	0.19654545	0.222316709	0.283340514	0.197284091	0.1992878	0.308710241	0.312879736	0.221249595	0.306396959	0.182914514	0.263069936	0.343641	0.250233768	0.144390245	0.271784059	0.215636164	0.246993509	0.254410927	0.315061323	0.253704218	0.255534082	0.299206395	0.286890855	0.360671395	0.385216932	0.25474335	0.197199305	0.259577332	0.204210118	0.34128205	0.339492491	0.512799595	0.370857032	0.184297605	0.156825141	0.341546936	0.313935809	0.149661432	0.286448605	0.186153945	0.295372209	0.291425395	0.276974123	0.25899105	0.230806086	0.349202618s1116.1 	0.363061441	0.261305845	0.21780605	0.268197214	0.368722764	0.426253273	0.3738221	0.259207009	0.285515655	0.2947531	0.23327035	0.346792523	0.183382445	0.187608786	0.31618995	0.207668786	0.311334818	0.33515385	0.230904459	0.218586873	0.321368545	0.290699464	0	0.227035441	0.1835769	0.255776005	0.3029498	0.347771909	0.196236059	0.151572955	0.198983732	0.486027068	0.306004786	0.229495491	0.189204636	0.330273877	0.273267627	0.191404423	0.259981582	0.195314236	0.202741818	0.241121486	0.331782264	0.270010527	0.272939995	0.350113436	0.358516077	0.376963177	0.27367185	0.236771305	0.285942277	0.248437182	0.308428932	0.350819691	0.511404632	0.363506668	0.244976041	0.331246532	0.326321855	0.369820927	0.292054459	0.153455223	0.252820364	0.373239482	0.377762686	0.209554486	0.247928168	0.287687332	0.359048573s1116.2	0.347956236	0.26998545	0.269962345	0.232567464	0.308721695	0.390480032	0.328830977	0.159690177	0.193389641	0.234282223	0.180570082	0.274058909	0.213897786	0.171402336	0.364475827	0.219943827	0.17988855	0.290495509	0.264139936	0.166576077	0.295593968	0.19654545	0.227035441	0	0.158395659	0.197189273	0.189784759	0.198368723	0.274555573	0.228247841	0.170525891	0.392459727	0.164470191	0.274283514	0.253232395	0.284821018	0.181244059	0.235220973	0.222625432	0.240160786	0.166172668	0.285665727	0.281180195	0.173502786	0.216167836	0.233453414	0.398702755	0.321378382	0.181742964	0.2308878	0.212627909	0.164738268	0.290617536	0.297389805	0.460529364	0.318701836	0.168527982	0.217867064	0.289177559	0.290056432	0.208997036	0.210541591	0.154729177	0.298175886	0.274685318	0.188821036	0.308291018	0.173235318	0.310873941s1116.3	0.377312295	0.258130445	0.198335995	0.28186345	0.334798045	0.431393618	0.384710345	0.164713973	0.246030655	0.232094791	0.166685159	0.294096241	0.171734573	0.125110395	0.286977986	0.150707868	0.218241036	0.309276014	0.194067232	0.165445627	0.244252836	0.222316709	0.1835769	0.158395659	0	0.250377014	0.233042845	0.250659082	0.189596659	0.188376509	0.128119068	0.414484823	0.21530155	0.193312409	0.2077189	0.268868723	0.191433045	0.179352995	0.1960309	0.151986509	0.172282109	0.226078286	0.275314727	0.206043109	0.295215005	0.303461255	0.322998614	0.384871168	0.254937559	0.155634577	0.252561841	0.1549595	0.309963041	0.334365173	0.515041823	0.369563705	0.156782086	0.256326505	0.337273727	0.329636018	0.249997005	0.166906814	0.1498896	0.329028173	0.32980965	0.160760659	0.214785323	0.223063614	0.334256755s1116.4	0.301793645	0.184408359	0.286219155	0.223471291	0.330428368	0.342884614	0.286411314	0.241046332	0.227056123	0.241618914	0.217613636	0.290486745	0.209694959	0.239687273	0.409055509	0.268828127	0.260525005	0.343065036	0.311777291	0.26561075	0.366474577	0.283340514	0.255776005	0.197189273	0.250377014	0	0.302487605	0.313661841	0.331667236	0.247509895	0.271484427	0.461158555	0.277738682	0.338869941	0.245519695	0.292136727	0.28573435	0.279935873	0.249187741	0.314651077	0.188278541	0.271433573	0.29230045	0.214122786	0.258228773	0.345730395	0.447305473	0.286080255	0.274878436	0.306955955	0.291108145	0.256296523	0.292931109	0.343639123	0.411630673	0.294458936	0.276656336	0.295666945	0.262440241	0.378283514	0.319501864	0.237027645	0.236138395	0.327762541	0.332732418	0.192692373	0.363812464	0.214662482	0.254241514s1116.5	0.371727759	0.365473018	0.323660941	0.284723405	0.334671191	0.4074768	0.350172109	0.218366818	0.239058082	0.308460745	0.264876086	0.303420441	0.301248473	0.242179959	0.408174732	0.293117386	0.218677018	0.321697068	0.329243368	0.223172955	0.3249482	0.197284091	0.3029498	0.189784759	0.233042845	0.302487605	0	0.156114191	0.346516341	0.315102991	0.243630377	0.376917177	0.129909514	0.310586355	0.344628055	0.33474155	0.159621964	0.291645523	0.288100191	0.307448945	0.252155036	0.34986245	0.334432882	0.231369382	0.233067714	0.198152545	0.432958559	0.337161032	0.185811132	0.280219659	0.249841895	0.227105527	0.329759705	0.334212955	0.473150895	0.326427332	0.186181014	0.204929468	0.335874491	0.248000282	0.185395732	0.286406359	0.224782882	0.327375591	0.276323214	0.270428223	0.348157332	0.239578341	0.366842973s1116.6	0.414437232	0.379440518	0.328392514	0.318125995	0.324851655	0.449858327	0.389502018	0.219067727	0.265038564	0.306921509	0.276551659	0.301833259	0.311802691	0.252428923	0.333547795	0.292746668	0.145914555	0.349309332	0.248033968	0.224078309	0.265124045	0.1992878	0.347771909	0.198368723	0.250659082	0.313661841	0.156114191	0	0.355615195	0.339842673	0.221786959	0.318033541	0.133177432	0.320220164	0.360431982	0.279095914	0.211587973	0.298368086	0.259111773	0.296670627	0.268685191	0.378688277	0.281871945	0.243832455	0.270688368	0.224203827	0.378356723	0.364057659	0.227423359	0.225720032	0.287568559	0.186800009	0.364933059	0.373681936	0.49800205	0.371825823	0.205195786	0.167099768	0.374167827	0.293605518	0.22447465	0.306620414	0.206138691	0.290201236	0.248193023	0.272564632	0.328770832	0.222982705	0.385675091s1116.7	0.465768582	0.320480668	0.210873664	0.368365327	0.396418495	0.525278232	0.476914768	0.276980977	0.328910777	0.29285435	0.254471255	0.357201	0.239435032	0.206922527	0.202538909	0.187847791	0.325929468	0.368439073	0.220986118	0.263226332	0.315053741	0.308710241	0.196236059	0.274555573	0.189596659	0.331667236	0.346516341	0.355615195	0	0.239904241	0.203769491	0.486246609	0.315493809	0.203303668	0.233611768	0.324501945	0.298309432	0.246964482	0.253742541	0.154012114	0.263595223	0.270431173	0.329837432	0.302031932	0.386137855	0.407710086	0.333109864	0.483808873	0.365742118	0.242265473	0.354179855	0.256279877	0.404118273	0.413175041	0.607796609	0.466793009	0.269892891	0.3580192	0.432180514	0.421462477	0.331457236	0.241464536	0.260514023	0.386466068	0.406961618	0.263490209	0.160310791	0.298019355	0.428982968s1116.8	0.320195886	0.225109191	0.24005885	0.245639605	0.319629182	0.381979145	0.317561891	0.261099527	0.246897064	0.263709827	0.202060168	0.30526355	0.172241591	0.183911432	0.357789068	0.212029668	0.308811127	0.301571895	0.26643625	0.213318118	0.333804891	0.312879736	0.151572955	0.228247841	0.188376509	0.247509895	0.315102991	0.339842673	0.239904241	0	0.204108877	0.501768005	0.307236514	0.282658245	0.205063918	0.322093414	0.293711982	0.230342714	0.2689536	0.247817336	0.174552355	0.285532105	0.311300127	0.236736655	0.263331514	0.326233318	0.404720568	0.314181059	0.251001314	0.273725705	0.241514514	0.247864509	0.252430168	0.2964618	0.45994385	0.298256614	0.258100823	0.343384614	0.269092809	0.350327509	0.29474625	0.152520932	0.254824118	0.321913636	0.328183786	0.202843695	0.298482323	0.254508977	0.354035627s800.1	0.404373664	0.264790686	0.206801891	0.3091449	0.350813759	0.461326195	0.406853841	0.17598535	0.263889677	0.248464423	0.194510273	0.314185091	0.189497677	0.154350418	0.284591191	0.161904982	0.208116132	0.323743	0.189143227	0.172855232	0.235710423	0.221249595	0.198983732	0.170525891	0.128119068	0.271484427	0.243630377	0.221786959	0.203769491	0.204108877	0	0.392684682	0.205427727	0.204214523	0.21087025	0.274467145	0.205738332	0.188957809	0.193708505	0.167383814	0.187565623	0.273877927	0.291244968	0.22822845	0.287608391	0.286693559	0.335142564	0.411018891	0.260616773	0.1645491	0.277607336	0.141231723	0.336634618	0.37181285	0.533876591	0.399969491	0.163426173	0.238683118	0.368485205	0.353304114	0.246370955	0.1680251	0.157263105	0.343817541	0.320182536	0.175262055	0.224530873	0.231510227	0.354562168s800.2	0.541614545	0.545378568	0.417006936	0.435337355	0.439940459	0.575801159	0.532032695	0.357720495	0.431673677	0.433682395	0.449440055	0.450483227	0.470981768	0.406013773	0.389518545	0.422332991	0.285343505	0.472265327	0.361881655	0.383580405	0.250451023	0.306396959	0.486027068	0.392459727	0.414484823	0.461158555	0.376917177	0.318033541	0.486246609	0.501768005	0.392684682	0	0.355700236	0.371246768	0.524150223	0.3792262	0.336444777	0.433763036	0.362942823	0.425037186	0.442395486	0.449924164	0.351084959	0.41461895	0.474493455	0.437967868	0.279690127	0.567376618	0.416118609	0.348683464	0.434743918	0.371161523	0.5185795	0.499459886	0.666044409	0.555041809	0.355816973	0.299778991	0.53578105	0.467113468	0.357449518	0.460881073	0.38032905	0.426265841	0.445246573	0.455483336	0.411396082	0.402717818	0.384167668s800.3	0.365214264	0.341362895	0.312258018	0.276919527	0.325511677	0.405199668	0.342439395	0.174415341	0.234481105	0.284028577	0.250648218	0.285455191	0.282037132	0.222700936	0.385298164	0.261028009	0.191748159	0.325946109	0.292038818	0.212270941	0.296990895	0.182914514	0.306004786	0.164470191	0.21530155	0.277738682	0.129909514	0.133177432	0.315493809	0.307236514	0.205427727	0.355700236	0	0.26917675	0.300996932	0.313568864	0.150256705	0.235007245	0.266778795	0.282322159	0.236548914	0.338683236	0.320442632	0.218292395	0.231120864	0.199909395	0.415423718	0.335053945	0.191274009	0.252513218	0.246563664	0.181058714	0.329048909	0.335288641	0.460948918	0.329742636	0.160962682	0.182237236	0.334219323	0.264124859	0.2010831	0.269926582	0.183022968	0.316056723	0.265053764	0.235766682	0.323235664	0.211855809	0.353359786s800.4	0.460595741	0.354215191	0.184874423	0.370900168	0.400371036	0.516798327	0.4680592	0.219869609	0.338599345	0.296850591	0.283113105	0.377576586	0.253169655	0.226799205	0.214582186	0.196330159	0.2641373	0.383417032	0.18090345	0.270101409	0.226652782	0.263069936	0.229495491	0.274283514	0.193312409	0.338869941	0.310586355	0.320220164	0.203303668	0.282658245	0.204214523	0.371246768	0.26917675	0	0.242083009	0.313512468	0.236221491	0.177746814	0.238996518	0.156320009	0.284923218	0.225322905	0.3177535	0.296328636	0.39165065	0.386109027	0.245079032	0.488239641	0.349075341	0.209768623	0.350839205	0.235896918	0.397834968	0.427311	0.600914386	0.470923214	0.233290986	0.291116477	0.4391517	0.414897227	0.30588705	0.243308441	0.250005891	0.402493391	0.408670168	0.256958914	0.176482295	0.304505532	0.358991645s800.5	0.36249255	0.228713473	0.268959168	0.301082941	0.4240945	0.421477609	0.3677879	0.273658664	0.319907636	0.335159955	0.262112823	0.38934405	0.206103582	0.234635723	0.34727235	0.228122941	0.346037182	0.406224268	0.258953805	0.264410845	0.349873227	0.343641	0.189204636	0.253232395	0.2077189	0.245519695	0.344628055	0.360431982	0.233611768	0.205063918	0.21087025	0.524150223	0.300996932	0.242083009	0	0.364969532	0.296817273	0.16283675	0.296505255	0.216781382	0.222287636	0.254641277	0.374555736	0.288777364	0.296339359	0.375238409	0.405554568	0.368495141	0.318803777	0.27581985	0.335867605	0.258040445	0.331424041	0.400935082	0.490116377	0.361925232	0.269211495	0.372267468	0.327881845	0.427873091	0.350558641	0.170379568	0.268043836	0.4199937	0.407389241	0.193310668	0.277574941	0.324157332	0.351392618s800.6	0.422146655	0.352028559	0.267101082	0.316555073	0.277778059	0.463247014	0.419009677	0.254954959	0.293053386	0.227063368	0.258358745	0.262758818	0.30109215	0.249052236	0.323949491	0.253672145	0.234342232	0.335211455	0.236567236	0.248848814	0.293969405	0.250233768	0.330273877	0.284821018	0.268868723	0.292136727	0.33474155	0.279095914	0.324501945	0.322093414	0.274467145	0.3792262	0.313568864	0.313512468	0.364969532	0	0.280345314	0.336811418	0.191451068	0.27773745	0.264353495	0.337891773	0.197767232	0.265279505	0.373746545	0.387229714	0.358705373	0.449603673	0.354186027	0.217723591	0.334503836	0.257188714	0.354264864	0.36278075	0.550395982	0.4228166	0.278721491	0.266935973	0.400817532	0.391596005	0.283874636	0.329803418	0.270533468	0.260869659	0.336727264	0.314419345	0.298256882	0.252663618	0.387789559s800.7	0.33353525	0.3438848	0.287611277	0.258889377	0.331393236	0.4021073	0.338001182	0.148566882	0.2496273	0.275035773	0.25051645	0.314658405	0.285793191	0.199436405	0.371217141	0.244478614	0.205456073	0.307542368	0.285099986	0.195615336	0.293231345	0.144390245	0.273267627	0.181244059	0.191433045	0.28573435	0.159621964	0.211587973	0.298309432	0.293711982	0.205738332	0.336444777	0.150256705	0.236221491	0.296817273	0.280345314	0	0.217915505	0.251488036	0.261855418	0.236186609	0.290027668	0.305701755	0.247367345	0.280645486	0.250062573	0.399363732	0.381936495	0.220324041	0.214303205	0.231447523	0.191998455	0.313021077	0.330554109	0.485429895	0.365111595	0.132480177	0.187295705	0.339384173	0.306249936	0.174062477	0.252020014	0.183218364	0.338694318	0.327365314	0.245802323	0.282123786	0.25030435	0.342687136s800.8	0.3812086	0.276824023	0.249264173	0.304581409	0.432475277	0.451421286	0.385892632	0.196191159	0.318471914	0.32284785	0.278384918	0.405784436	0.19871555	0.223330973	0.303146009	0.227107436	0.27073435	0.411458573	0.213863573	0.260119432	0.27744395	0.271784059	0.191404423	0.235220973	0.179352995	0.279935873	0.291645523	0.298368086	0.246964482	0.230342714	0.188957809	0.433763036	0.235007245	0.177746814	0.16283675	0.336811418	0.217915505	0	0.286668859	0.203814205	0.237387495	0.206163518	0.371956795	0.292945468	0.3213245	0.354044386	0.346770718	0.418357118	0.299277027	0.216742655	0.327598682	0.198834086	0.331220609	0.414123959	0.518416064	0.407827573	0.205703364	0.292411382	0.374254177	0.420237877	0.318309891	0.161787736	0.229359477	0.436194132	0.414049882	0.164183909	0.2253095	0.324291645	0.332593814s934.1	0.417392341	0.302198873	0.195146023	0.308487177	0.257787573	0.4652701	0.422332118	0.221156936	0.2679212	0.201153009	0.211531259	0.246277223	0.240848891	0.17897795	0.269602105	0.174238277	0.204605845	0.296331932	0.191369623	0.183965718	0.229504373	0.215636164	0.259981582	0.222625432	0.1960309	0.249187741	0.288100191	0.259111773	0.253742541	0.2689536	0.193708505	0.362942823	0.266778795	0.238996518	0.296505255	0.191451068	0.251488036	0.286668859	0	0.202462464	0.216240827	0.271589723	0.166692873	0.224597745	0.326310968	0.345404818	0.307517486	0.419184968	0.309336514	0.190293405	0.297278477	0.195085564	0.347772759	0.3405712	0.556953132	0.400874895	0.22254775	0.252534459	0.370828864	0.357813009	0.246593632	0.257940359	0.208624373	0.251592527	0.299638686	0.247713232	0.244340959	0.203943759	0.355334027s934.2	0.45046845	0.318650909	0.17659445	0.347306314	0.360363018	0.506737809	0.461222082	0.237045927	0.309455373	0.271106345	0.234525086	0.318901295	0.224419909	0.192387323	0.224683932	0.14968785	0.2625989	0.338548759	0.166168232	0.206014409	0.257526482	0.246993509	0.195314236	0.240160786	0.151986509	0.314651077	0.307448945	0.296670627	0.154012114	0.247817336	0.167383814	0.425037186	0.282322159	0.156320009	0.216781382	0.27773745	0.261855418	0.203814205	0.202462464	0	0.242934236	0.221994841	0.272805627	0.270793418	0.365500377	0.3702436	0.278557714	0.46002085	0.325140759	0.180128886	0.330618923	0.195802027	0.386287659	0.389701745	0.590021123	0.445035723	0.223502895	0.290246295	0.4134901	0.380475882	0.278465705	0.228743777	0.209447173	0.345736673	0.365255786	0.238815377	0.165580259	0.26962325	0.4105551s934.3	0.339349077	0.222728582	0.263539859	0.238857268	0.308074809	0.385519518	0.332079109	0.207528591	0.201622082	0.2235492	0.151316232	0.266877905	0.178331327	0.18009335	0.373338495	0.208235441	0.255531682	0.296003741	0.274241159	0.187348991	0.328056255	0.254410927	0.202741818	0.166172668	0.172282109	0.188278541	0.252155036	0.268685191	0.263595223	0.174552355	0.187565623	0.442395486	0.236548914	0.284923218	0.222287636	0.264353495	0.236186609	0.237387495	0.216240827	0.242934236	0	0.297754914	0.251987009	0.149929882	0.220572405	0.282531591	0.405812195	0.322135314	0.220228832	0.248306205	0.238301514	0.201690973	0.258176005	0.297179673	0.463966432	0.305662286	0.212264886	0.276182159	0.281640718	0.323413045	0.264991123	0.203629641	0.196742464	0.298859445	0.290741759	0.19175755	0.313350277	0.21030615	0.314531309s934.4	0.405410073	0.309492914	0.254041591	0.311927327	0.424035514	0.468880214	0.421973441	0.262186595	0.346002695	0.308914114	0.317574409	0.386823873	0.274627977	0.257526736	0.3013179	0.272836345	0.303908386	0.404996055	0.266149927	0.313254495	0.315998923	0.315061323	0.241121486	0.285665727	0.226078286	0.271433573	0.34986245	0.378688277	0.270431173	0.285532105	0.273877927	0.449924164	0.338683236	0.225322905	0.254641277	0.337891773	0.290027668	0.206163518	0.271589723	0.221994841	0.297754914	0	0.349023477	0.338352286	0.367983155	0.427040795	0.344954964	0.443121291	0.374093127	0.262369009	0.379860345	0.291432741	0.353622927	0.418220559	0.561362036	0.423748945	0.274002382	0.354161582	0.395924205	0.457252186	0.353291036	0.229243209	0.286044995	0.407178432	0.444838682	0.227499818	0.245077655	0.325043245	0.351009286s934.5	0.435133005	0.365027527	0.268976268	0.339556495	0.249677564	0.485167455	0.443193064	0.295027382	0.293927327	0.222716691	0.251147223	0.235129441	0.302776164	0.252879014	0.306335341	0.241236086	0.236470464	0.300106632	0.249049986	0.238634764	0.280834909	0.253704218	0.331782264	0.281180195	0.275314727	0.29230045	0.334432882	0.281871945	0.329837432	0.311300127	0.291244968	0.351084959	0.320442632	0.3177535	0.374555736	0.197767232	0.305701755	0.371956795	0.166692873	0.272805627	0.251987009	0.349023477	0	0.249132891	0.364126868	0.380832827	0.311573632	0.426362814	0.344875305	0.254570741	0.327353105	0.2715329	0.366140141	0.336830318	0.582701386	0.411301068	0.296252232	0.294826132	0.383859282	0.371561718	0.279573959	0.340843886	0.279717245	0.214690027	0.327824177	0.335915823	0.324113886	0.240453177	0.407440673s934.6	0.381271995	0.280027191	0.272134841	0.265069023	0.268388436	0.403465564	0.346426909	0.223837245	0.174655409	0.210767927	0.180031523	0.232679732	0.223150536	0.213372477	0.377279541	0.244004214	0.223852582	0.298238814	0.286177468	0.212290764	0.326335482	0.255534082	0.270010527	0.173502786	0.206043109	0.214122786	0.231369382	0.243832455	0.302031932	0.236736655	0.22822845	0.41461895	0.218292395	0.296328636	0.288777364	0.265279505	0.247367345	0.292945468	0.224597745	0.270793418	0.149929882	0.338352286	0.249132891	0	0.234079795	0.255077	0.411138723	0.326993995	0.221782423	0.279632068	0.249077877	0.221785127	0.290970723	0.290861309	0.47463885	0.31654255	0.238387695	0.260434923	0.306003282	0.293629555	0.25915835	0.261500086	0.216022591	0.255186818	0.235333005	0.24243305	0.334209277	0.176663495	0.3341762s934.7	0.324963927	0.329053732	0.385104755	0.232855318	0.341361095	0.360962005	0.299840923	0.302885968	0.242844277	0.337201059	0.276751564	0.313940245	0.300893259	0.282288709	0.484586318	0.339609909	0.298934895	0.330391873	0.392498027	0.246320677	0.409766314	0.299206395	0.272939995	0.216167836	0.295215005	0.258228773	0.233067714	0.270688368	0.386137855	0.263331514	0.287608391	0.474493455	0.231120864	0.39165065	0.296339359	0.373746545	0.280645486	0.3213245	0.326310968	0.365500377	0.220572405	0.367983155	0.364126868	0.234079795	0	0.193007795	0.5164443	0.2629749	0.193429455	0.356885518	0.2568453	0.304449541	0.264388109	0.293596805	0.415655945	0.246541409	0.283741745	0.311579073	0.263457695	0.254040732	0.247883718	0.253395327	0.289446459	0.320457195	0.260199373	0.281856664	0.430017955	0.249894564	0.376949323s934.8	0.36216585	0.403633227	0.395906677	0.301430059	0.369447891	0.415712918	0.333909745	0.283137509	0.2624942	0.354119318	0.295604077	0.338084141	0.349372955	0.290068077	0.473582514	0.35936015	0.277754255	0.334930605	0.390139614	0.254254582	0.397490973	0.286890855	0.350113436	0.233453414	0.303461255	0.345730395	0.198152545	0.224203827	0.407710086	0.326233318	0.286693559	0.437967868	0.199909395	0.386109027	0.375238409	0.387229714	0.250062573	0.354044386	0.345404818	0.3702436	0.282531591	0.427040795	0.380832827	0.255077	0.193007795	0	0.503758777	0.318719186	0.169280859	0.364050305	0.24926255	0.268216	0.309910768	0.3159605	0.432147068	0.305140268	0.251493714	0.288428632	0.327444873	0.194379055	0.234397141	0.315217732	0.279684282	0.343892482	0.228994614	0.330064123	0.425825823	0.269841077	0.430608727w1116.1	0.556719464	0.47841755	0.282044373	0.4745781	0.447208295	0.603879941	0.566922514	0.365946895	0.455518223	0.38964205	0.390878573	0.451539991	0.375973005	0.343966627	0.237606673	0.323302309	0.325094205	0.451156436	0.232182382	0.357338423	0.186815541	0.360671395	0.358516077	0.398702755	0.322998614	0.447305473	0.432958559	0.378356723	0.333109864	0.404720568	0.335142564	0.279690127	0.415423718	0.245079032	0.405554568	0.358705373	0.399363732	0.346770718	0.307517486	0.278557714	0.405812195	0.344954964	0.311573632	0.411138723	0.5164443	0.503758777	0	0.581162336	0.454711682	0.279988991	0.449824436	0.331672723	0.506438891	0.520984232	0.713312618	0.562548791	0.362216718	0.358934136	0.530953532	0.504091177	0.395034391	0.374642964	0.364802895	0.437312041	0.4733307	0.388983318	0.267545518	0.402962027	0.379228968w1116.2	0.236698982	0.350649086	0.448402582	0.271100336	0.355000105	0.226358259	0.232988177	0.380573968	0.306110241	0.393077695	0.346194236	0.352936609	0.357312605	0.362054255	0.563060755	0.409281227	0.382849386	0.251043973	0.465015	0.336798877	0.499224986	0.385216932	0.376963177	0.321378382	0.384871168	0.286080255	0.337161032	0.364057659	0.483808873	0.314181059	0.411018891	0.567376618	0.335053945	0.488239641	0.368495141	0.449603673	0.381936495	0.418357118	0.419184968	0.46002085	0.322135314	0.443121291	0.426362814	0.326993995	0.2629749	0.318719186	0.581162336	0	0.273786982	0.455160345	0.232644991	0.39037645	0.246028009	0.266959123	0.336995764	0.155576573	0.378511455	0.386711445	0.143016905	0.299574323	0.344583	0.340448055	0.357451114	0.372776214	0.340932	0.337634436	0.515954127	0.327777982	0.393907386w1116.3	0.3121959	0.333804014	0.349927291	0.231595809	0.321508868	0.347799405	0.281654623	0.247565286	0.211850123	0.318017805	0.249222136	0.302788418	0.275137695	0.247524027	0.438524327	0.315340827	0.248428132	0.296121364	0.347992873	0.213661095	0.363822105	0.25474335	0.27367185	0.181742964	0.254937559	0.